17775
8501
5010
25393
21019
27091
23893
17677
24993
3331
13943
766
13020
7363
20028
24920
17117
12504
936
10303
23035
4908
28084
27005
2182
10875
127
4802
14617
5415
23005
1826
21778
14413
26740
6891
22774
2071
7329
15472
6810
26903
24820
13569
28535
14938
5632
1675
22831
24655
24117
11760
25099
11206
27901
10584
4453
7912
14792
16414
8183
5025
16284
16170
22730
4155
8631
8966
3971
22524
28150
1534
17312
2512
14827
6429
23284
20375
27340
27487
27799
19668
12026
14753
8717
21924
6485
7915
9920
18370
27014
2161
15850
22776
25834
4783
4078
1596
27729
20878
19411
10416
25295
11821
28293
2363
18562
20906
14822
3607
1318
27905
18236
5105
28482
10657
23642
26575
19464
17788
8432
14167
26171
6643
15840
7926
6135
23587
3587
14165
6156
2488
16233
14169
15369
24981
13119
18403
17372
1171
22251
7104
27055
21459
15223
14369
11461
1268
7505
6391
18140
24826
18496
23469
4209
14977
6076
24613
28615
10990
1864
6924
21542
24661
18582
20434
4318
250
11782
22262
10241
4824
22154
18814
1559
7089
15710
4708
10855
12861
4768
15070
20636
28090
19443
15056
9276
17570
14031
13202
1387
22686
16913
10442
13810
16779
1583
6443
18049
27440
14382
9240
13759
10400
24926
6513
1842
4544
13959
7733
26702
1373
27017
23330
609
17263
27328
26626
27727
17219
13743
17477
9646
9513
14994
20478
12276
26746
14527
28402
27925
7674
20631
26222
16876
28372
21673
18023
16013
8163
12028
3871
19269
20076
11450
21042
25362
27951
18913
24921
2526
20943
12145
23265
21510
11005
2513
19763
1735
2669
28146
23772
11411
24827
24855
2291
1375
23872
7352
6427
8268
20072
28063
11736
18520
3603
27805
18609
19481
3220
19659
6619
15826
22213
8859
2485
20506
16517
7099
10890
20828
12877
18009
13400
16268
7249
18316
15553
14558
28415
27968
14360
5369
10512
10627
20223
22495
5680
11878
21448
27392
3321
18327
16982
13927
24989
20628
13937
5897
10123
4061
17156
5222
11152
3097
9177
15414
3035
10491
27624
3101
12308
11182
17100
21205
22783
22271
14249
21112
2848
8748
5141
2885
10421
25175
8152
10337
15980
9564
5015
23474
27297
26026
28124
27992
28499
1445
7799
18875
21416
27484
13056
17091
1182
26009
25627
18763
4646
20288
9805
27060
17414
7371
27618
701
8770
18716
14207
26029
15364
9678
13769
308
11287
17527
15991
28050
21065
10989
25590
26186
27298
9197
28135
17528
12972
9803
15331
11378
24148
11689
1300
1201
20354
8536
264
4369
15621
6767
11012
4406
19406
12544
4423
20437
7657
24594
6224
16219
15806
8256
17051
10914
22456
17212
1669
8287
20411
4083
16878
19068
16765
13515
11562
11770
3652
1972
27653
25292
28519
13953
7560
28557
16012
16973
24085
21995
18681
28301
6356
17506
8459
18942
15594
17634
22270
9783
11578
8202
19812
27251
25567
10339
20800
10080
2771
3821
13578
19789
16769
7621
26182
18811
16469
6340
20833
23405
11814
9352
19744
28648
4213
21069
28264
24072
16478
10215
14305
10316
22880
16917
14774
17257
25643
11670
11648
20819
6581
24789
19225
7780
13346
22178
27235
22083
8276
5851
1727
16223
2750
21732
18381
13676
15626
19657
3906
10717
7097
26107
25689
18159
12526
8483
28660
9995
8707
1052
6202
20313
8246
25102
13168
8529
18435
14143
4632
8993
13403
10667
27288
18108
14499
27341
15720
27751
9020
28703
1911
4931
8594
4337
6949
11709
18936
1398
9756
5205
11558
20797
12495
26665
18001
20005
21039
16272
5409
18900
16198
15895
10826
18334
9744
23316
24840
27613
21368
6633
25722
9234
16565
7203
17592
17927
27483
3521
25543
22340
11756
8167
3250
6492
25671
4639
3335
9982
1423
6702
12056
18185
8397
526
10617
10772
4476
9989
16048
27226
17590
12236
4971
24763
13788
20267
7297
4964
11481
11614
10476
20540
20422
22881
18120
23675
17173
24896
22188
21866
27410
7263
12645
16378
9885
8048
7223
20583
2782
13240
5953
23417
7652
22516
20756
6295
23630
6562
28496
17734
23
13438
26076
15570
185
14512
15501
14600
6695
19544
23231
6520
27388
23244
582
17757
27193
4181
28005
9566
28286
28388
4879
6366
28632
5547
21082
16566
22310
18400
26578
26900
15475
10398
16886
13023
12223
5638
23476
5594
26185
24717
22274
9042
24980
27711
13622
25353
19639
12617
15716
24988
12636
14439
15808
16345
18177
28147
21022
12197
28367
21310
17171
9863
19094
9531
5567
6557
198
5884
22953
26901
1234
15822
3253
27463
23868
22950
15326
25779
24739
6260
10378
24267
11343
9906
27512
28583
8841
8546
4206
7248
27445
19426
12818
8011
2518
1394
7047
12137
26619
3912
25344
19836
18618
16649
6582
28198
25512
8888
27745
8414
6766
23774
3982
2382
765
26164
296
11114
4662
23107
13504
28392
13142
18033
23609
18513
7410
10966
25635
26687
5520
5131
18603
2709
510
2647
26140
15003
9111
17378
3583
909
25789
4365
26194
1811
15978
25615
20321
24126
14670
24408
15466
16187
24068
3468
16440
516
4679
9799
17385
25705
5926
6673
12711
12017
6102
18610
23815
17060
10143
20077
27449
27716
19767
11888
17224
522
12689
28490
24360
8290
26385
10909
17824
1984
19293
27645
23493
564
16484
5536
2600
27776
24255
4012
5077
10101
21067
12842
6945
15576
16660
23911
7220
7485
21473
23572
17710
22552
28000
26260
13224
27414
15920
1449
22288
3996
655
28323
24031
5571
16663
9752
15898
394
3152
16356
11084
11009
16317
17629
10364
18820
26097
3100
9419
1062
5546
4114
13600
3443
23751
22060
9476
4052
20051
6116
9399
8423
8520
22977
1439
9384
17630
23247
13002
14440
19310
14759
18377
17093
27158
15955
151
10430
22538
13962
28463
3138
4752
23561
1999
23680
19375
16290
17735
15049
19457
18485
17001
430
14978
18066
20918
9536
28669
7637
22330
24431
23522
11715
7301
5068
882
25061
26052
1928
5318
18002
9194
16128
7588
17697
4221
7168
17452
27675
24676
3374
17706
22401
5908
26125
17191
10193
3803
2408
17732
22919
5604
9101
3555
17836
18833
10053
19395
1072
369
9098
7980
20650
4502
2127
999
20052
3275
17648
6920
3081
24091
17965
15112
10155
19184
11919
1712
23532
20687
6941
8203
8550
2399
12748
25796
21923
947
26176
16482
5588
4009
13209
26598
26621
26682
7546
15821
24848
22921
15713
17579
14427
12477
22014
12811
17537
10379
16712
5616
16485
26450
21184
25832
6585
230
22709
6688
8765
124
10819
20872
20961
17474
5518
20184
26774
4702
28389
26959
10552
4956
26847
8516
6226
16380
7957
26392
6548
27289
12736
22606
18984
7553
26603
21922
3304
3187
19392
18459
7863
20201
3387
4086
10122
12682
3036
15772
22954
16934
15346
11646
27771
27898
17869
26869
5902
10287
2685
10197
21284
23170
15419
27425
27347
12484
23160
13749
20238
25898
8135
13076
12263
22740
4039
1359
6459
6365
25875
8114
12271
20744
16034
4124
27963
12585
22657
13058
23791
15386
9486
24924
963
7347
24805
4475
6574
15995
8025
20799
21479
5046
9708
19079
2920
13039
1451
2266
410
19409
22808
25051
17904
10824
12770
21724
7342
7466
3122
15989
6928
12490
28464
9444
21132
3797
25494
2118
9246
27114
1169
741
26447
21070
15069
19059
18306
16699
1227
3184
26397
2007
18769
12969
11765
1371
1151
15191
234
27273
26491
20169
18234
10620
8097
5040
4233
28706
12232
6236
5545
17713
18442
15224
12752
10386
12214
626
2595
4834
10395
15006
21010
16644
1040
25974
27195
10940
19176
22184
26784
23007
18559
22334
884
9235
4342
17271
1523
17223
27133
11459
354
5526
8970
5748
22243
22859
21311
18893
21221
18683
25422
23338
23465
2055
16895
21504
5423
15849
3227
21531
2673
21301
16942
13942
16099
78
12255
9686
24452
10542
5433
16949
6727
27115
21977
16740
18097
28606
2080
11923
19279
10427
6675
19513
18672
24960
12854
10549
11302
6315
24370
5889
15998
5762
17575
11175
20927
20672
26730
8053
2827
3633
25336
18123
2960
14446
2926
5833
12420
12475
11864
8184
18645
24253
1632
17054
1350
22771
434
1385
12864
18248
14866
18233
21602
6653
15780
6517
2860
17940
18000
27538
10039
14144
4701
20291
1256
6131
1732
17782
27517
20131
2559
11643
16262
490
1594
19332
27545
24177
13681
5097
25714
9069
18807
24709
28027
4250
18995
21951
15904
242
9405
12533
9502
27201
12250
2844
22102
1214
5061
19109
7497
5646
14218
24251
21674
590
8372
12681
8018
23216
12976
23653
26520
22490
26464
817
21027
22811
986
4184
11987
7509
3320
10555
12694
15953
23446
28577
18501
3606
11189
12156
2506
4385
1807
1900
12963
10744
21675
4230
13746
13377
3416
22219
4542
4671
19527
20809
4418
24712
20332
672
28350
9903
559
1251
15595
2326
23018
14019
23962
10693
19875
25170
2248
2230
18571
981
25058
21506
5738
20960
7008
20937
22700
24909
22254
16229
6091
21577
7391
23933
204
22218
13560
10017
21614
27829
17503
1397
13221
11538
2580
5308
13968
361
11468
18800
28326
4645
24677
8582
1576
9912
25400
3717
2132
10372
8669
18156
18201
5403
1521
13891
23878
20742
4938
951
4066
28355
17411
26957
18904
14828
20737
19491
2195
19300
21861
13673
16577
7091
6630
11029
16885
5247
10564
6130
7922
19752
24651
26265
3394
12433
25375
17496
22097
7899
2688
27839
2666
8722
8735
1945
20545
24486
7590
422
18929
6233
23533
27398
25166
28605
22734
22571
15613
10919
11826
25173
25361
5764
1648
1125
13845
5297
16957
21597
21047
23645
24342
20460
26606
24962
15483
222
2558
1454
19218
24376
2744
4521
13862
1941
4878
17000
23506
15405
3863
19656
24363
19107
5065
9157
8271
23006
2499
20605
6083
8917
24326
25923
27705
8711
18552
14180
25184
25772
24373
18294
4617
15663
66
24139
24185
108
5245
12305
23178
10662
7324
2247
28289
21182
24684
17497
12023
12676
26980
21768
26929
28226
25664
28548
23706
24397
23633
28208
3177
14584
28459
4439
8078
6209
12734
22227
28439
24034
26169
7175
18888
21763
9742
20329
27316
14662
19370
4074
7239
21855
10943
3022
24790
11338
18839
6502
14059
23580
21305
10179
69
15158
12329
28661
2384
5496
9358
10070
57
12207
877
10895
10715
25126
6567
16212
16194
2712
21174
118
21177
20405
10815
12182
14121
18143
17797
15139
527
18291
6172
1565
23781
3106
6279
15740
11380
19695
25929
10971
39
7005
26949
23332
5243
4843
1848
19552
8002
9286
10311
12946
19148
17443
7525
3600
19834
25771
9852
15690
19150
20350
11187
26734
28280
24798
791
16287
9786
10852
8628
24413
3823
23641
3980
26989
11695
8773
3054
9676
4940
9716
23119
6790
14062
1795
618
21106
15382
14023
14779
4040
4881
4580
10168
9060
21285
24328
27296
26586
22648
11427
6919
21640
2660
975
924
5660
13014
11316
14354
3974
20740
28379
13982
16286
26861
15123
23380
19153
13951
4906
14929
7582
17814
12623
25912
15479
11733
11549
9400
1909
7819
2143
17168
27692
1413
13268
22971
2109
25788
25337
8413
5703
11
25808
10360
9332
25535
26846
465
22206
10473
19141
6123
14148
6499
17736
19684
14576
3815
15701
27511
16398
7656
7798
12119
21933
2101
8070
798
7058
22782
23813
25652
10962
11025
8939
19951
26472
5130
13782
22286
14105
28112
11607
17210
23009
1222
7418
25228
2067
21585
3811
14314
3371
19503
21161
28487
27246
6739
23994
17724
8931
1178
26637
24968
17769
19878
12646
19328
19263
23295
15001
10727
8488
24379
10703
10156
9957
356
1123
22991
14345
6300
13949
18457
19587
1099
11966
17182
21568
21384
7797
26124
19925
19060
24015
13149
7579
24454
17501
24687
17892
28572
6245
22384
20881
4743
10432
23862
11465
123
22893
6024
25587
21051
11269
24884
20111
15845
6698
4435
7493
8686
14764
2487
5334
18467
4807
2145
4288
22679
11608
7057
1673
27151
17050
26359
26882
25475
1106
11290
15134
25613
15263
7012
8935
11061
11573
11883
5957
1967
26887
17737
1478
4019
8254
17725
9753
3378
6317
20630
7200
11401
13095
21637
16747
6532
5565
13426
18157
12393
744
15563
16190
1017
5093
7794
26656
20917
18360
22514
20957
23409
5426
1777
26765
5935
16654
8222
13356
10916
9816
18860
20560
5608
18461
10905
19665
26855
6813
12353
3617
26722
12460
12668
26090
7084
14479
967
19486
5656
13387
1103
20187
27910
27779
3541
16183
21422
11546
1025
14203
8001
613
6421
22698
715
2056
15770
3523
7285
14832
20886
24122
2180
5823
6056
22696
9057
9568
6320
779
27131
13500
23489
5393
13736
23315
3809
21548
11965
2149
16298
2192
27931
24378
17021
13030
17025
25792
18586
2387
27482
12747
27669
26859
26100
16355
18344
4103
17715
23362
23901
11950
16381
9772
933
25259
26227
20916
20493
28346
26256
21458
24645
13093
18056
25138
972
19312
1091
13392
16959
6089
13904
16429
12948
7268
324
12134
24346
7638
1019
23848
10822
19791
5792
20747
15527
16019
4055
14777
13792
7326
18589
18184
16507
20735
5662
25394
26975
3274
26438
17882
9013
22517
3668
18329
6405
25067
12784
22114
1161
26302
17572
226
3450
1718
10365
23110
16920
16324
21136
3114
2290
10208
25499
28534
16407
18523
20629
4854
3581
27391
24971
28687
5364
12368
15645
8359
236
12295
26920
19640
25814
28619
2112
26264
13551
4694
22955
19101
20641
9267
7016
22944
13482
13544
2194
3413
2401
1195
27741
2096
28016
11110
21783
8161
18825
901
6913
8685
28527
11097
3249
25978
28093
24133
836
10820
5940
6003
28148
5560
17345
22335
18404
21272
19877
27019
13677
24195
27280
16010
3449
15861
19777
16045
26303
13419
24887
21509
19766
26934
23086
16241
246
12376
9527
10003
27310
21397
6275
6229
17353
17765
19955
21865
11708
21467
22376
15689
17809
27177
9401
1159
28630
15328
23424
6271
21096
26236
25438
28031
16561
19393
2710
12809
26715
23150
14197
13779
12035
14776
4655
19962
375
14502
26711
18785
8273
8793
13979
18870
21841
8000
7834
13479
21247
23415
2657
4609
10908
4652
11412
678
12696
2082
22726
2338
16097
25193
17112
17086
432
1211
4845
21014
22025
10791
14769
4543
187
10604
3818
27471
20664
24349
10383
5830
25681
26299
9250
12212
150
5903
18594
11422
470
25794
24217
12586
26415
18178
5963
11094
26797
9818
5313
8279
21592
28542
5287
24280
14707
28708
12890
22273
7137
966
7361
18969
2315
2
27521
14030
27591
13747
5587
14297
7135
18778
24491
1803
19414
23310
8901
13957
15218
5599
18890
4809
19663
25682
1484
25784
7530
17976
12667
13183
3490
21513
1179
8195
20032
1167
27420
15298
19174
18721
25599
10402
8609
8720
7390
20386
22214
7689
4504
28121
8121
21794
26074
10700
9592
24691
17141
12614
7585
25083
18696
25020
22504
10159
11259
8898
5611
835
2051
22147
10813
3816
20850
27024
18051
5370
843
26535
18255
17412
18708
3700
11899
9031
10960
964
18647
12476
13903
14330
17680
7378
14615
5938
19459
22427
12634
26670
517
6414
25348
24639
14680
3917
26724
27674
9462
21169
5751
18622
243
12753
5440
13335
15279
7984
24758
2892
21322
10511
24839
2025
757
15075
11268
27884
15411
10096
22017
19290
7416
7375
5246
27848
15843
8962
28129
16291
1128
8548
5683
482
6376
22199
17798
23544
17861
15392
13832
19437
14009
18653
11043
22442
15322
25713
14130
21064
6740
7458
9209
4016
15655
10463
15090
279
19922
14216
28512
13352
12172
2068
9506
25854
10683
13512
2631
705
24847
26138
23784
23537
23757
8093
3069
3839
11906
7999
21287
16872
565
7779
1461
8052
6590
2655
16793
11386
862
10624
16288
27871
21217
26658
25741
8433
5011
14109
18967
6621
28567
26895
5404
15015
24612
1588
10182
19820
15262
11535
19243
24319
28149
28194
8634
8150
21398
4325
26720
22156
1857
26292
677
5741
18367
23987
19521
4323
24327
12405
9810
249
16293
8324
18190
3295
2504
22833
19689
7925
3977
9567
21372
1205
7490
26053
5948
25612
20741
26600
4993
7185
15651
14173
19115
25884
824
11103
21780
8473
26701
26805
17446
3351
7492
4681
158
16511
22090
24543
18416
23060
20484
19803
15727
20626
26756
4119
9418
75
18809
413
2831
6372
20643
252
19833
15611
3936
12470
13396
15903
11884
16503
14065
25529
500
5497
19672
6018
24222
28676
14962
16606
14138
18782
23858
18440
25284
23733
8424
20045
1376
17429
24467
27876
24401
12284
19380
25270
20410
7694
26577
17510
7812
28137
6556
22069
3552
16521
3332
3595
23341
17154
7540
25877
16682
11960
13135
9553
1925
8955
6318
13443
5006
16411
16131
2032
3559
9318
9754
5400
2824
3851
18141
5333
5296
637
19424
135
10730
27130
21920
23147
20727
14857
9453
7938
19867
41
13060
18671
6753
14605
2289
5135
6732
20944
12680
26440
28510
2355
2364
19738
8556
1236
17946
13225
4489
23328
962
22031
8902
1016
28566
2910
11387
23836
22047
16604
13583
3092
17130
19632
16415
8125
19067
21746
546
10254
14461
5860
9529
25364
2765
4853
4064
18881
25909
18369
21197
1850
1393
19845
26752
23835
26060
22036
19848
6953
20533
24351
4240
17205
23195
14096
5584
19237
24289
6169
11390
10064
21348
10288
9692
27110
25516
11216
24284
22122
1791
2166
17660
25089
11267
11170
24822
861
23288
26332
10252
3369
9616
7359
14313
22642
3957
4194
27324
16321
25905
21729
20392
27174
6132
22534
10243
24256
23402
15445
10227
11572
5192
7087
8015
13353
18460
7323
8466
23841
4531
13452
13416
19504
26713
15021
2039
4494
9624
3172
1253
4674
24153
25135
16257
22654
7143
13771
7791
14377
260
15081
16742
1374
12299
21100
25892
28
28419
21331
6622
26163
20644
17753
27282
19733
6854
19558
15173
19056
7472
11842
4728
7712
2898
24705
13608
388
7364
20228
25427
19705
28529
6283
18339
27377
15481
20821
6093
27843
21192
20818
10389
18561
26249
14086
18198
2411
7920
13404
6410
23376
15396
22822
23905
10164
4460
28437
2202
5013
13257
6425
6531
19686
1463
3228
12856
17982
7534
18293
14057
7855
26241
2983
4709
24384
26089
14047
13893
91
3209
22465
12444
12847
2226
2129
2431
14214
9917
23158
14946
26014
1587
12451
12929
4555
18633
9346
24903
9105
1067
20551
23460
27021
14874
25425
17449
497
21498
16254
17999
17956
25025
17786
7217
16609
25925
20998
26862
16108
17936
7510
11191
4350
1217
16495
24803
12875
10431
5234
10840
20265
14699
20978
27303
23798
5260
22080
11476
11633
13160
15391
24429
24007
12771
22683
14316
1269
1243
6480
17186
23126
26700
13096
7419
10149
9951
12971
17451
15638
22210
6899
2568
1469
16918
18479
22500
17355
5583
22316
9242
26122
18183
23767
15693
9684
14244
728
1652
20260
4849
12779
25951
18272
1312
26550
17236
10995
13191
26596
19874
1904
852
25550
10806
21278
21371
26608
22661
8953
20471
4598
16545
27539
16535
27873
17260
17701
17911
25035
11433
22905
8679
22144
4436
16425
15660
11054
18463
18186
15400
1109
11618
1958
24438
92
14422
14185
3120
10216
18997
10106
3669
25740
6577
4732
16911
2890
11154
14339
1226
17755
23042
94
6025
17857
6746
10652
18082
4457
9174
9169
18950
5487
16103
28222
14483
10926
3104
7262
17229
22349
16028
7260
20711
28249
13217
11475
19361
20404
170
11930
17651
8225
20654
25768
12553
1341
2397
9954
24679
14084
26179
4661
4684
7020
16528
16296
19750
28602
16138
5529
3388
15137
339
18539
27239
12990
19907
17730
23887
4469
25670
15597
12317
16491
5435
12049
14639
14097
15319
4638
8721
10440
23552
14119
16340
27902
19092
12231
27140
20125
7181
14802
26039
9556
4819
19214
17722
2837
5543
21373
10948
19584
27864
10116
22149
370
16313
28608
10203
22066
27097
9699
18710
24436
18992
28574
26085
16762
18392
17830
4818
20902
2261
1934
1414
17240
25866
4586
24018
5934
25584
16658
851
19116
17336
17986
19449
26233
27465
15963
22235
3820
27150
10574
27654
18376
2819
13674
3896
1557
15927
1212
5849
24022
1509
19305
25238
24469
27730
27867
3189
3647
25145
21610
5315
25945
6322
27610
20479
19061
9823
9537
18285
22515
4763
21837
28306
1642
26388
16673
23530
12204
3548
27778
929
13464
15707
11806
11404
21375
5188
1995
5367
4143
343
17811
22086
19244
27572
825
24955
5221
19542
2763
12985
4202
2022
17394
11645
10832
3991
2456
27621
22798
6908
13798
15353
10786
13298
12143
3143
19066
295
9698
12401
9424
18891
20913
18424
7573
14865
11642
26382
6010
12852
18079
11018
26618
7753
77
26726
26607
5461
5634
9620
13859
6348
23165
12125
5305
4430
25245
5460
18535
10251
3897
23189
23811
11421
17802
18948
13042
15296
23438
12843
4757
3483
16115
19924
9104
26463
4272
4397
13863
17792
5618
19939
435
17180
21574
12366
9587
25965
20034
20609
7258
3795
16671
15084
2186
16930
19736
14604
18973
5721
17512
15491
3836
7067
2891
15836
23750
2341
20452
23236
2316
24623
26317
1640
2265
15161
14641
15024
5429
8958
12422
5288
11076
11236
21296
14417
11850
23810
4836
24718
21172
12111
25533
5740
15434
28340
14267
4101
7669
24550
8825
1193
24740
4864
19478
13211
21095
2697
26905
28227
9003
7730
2779
12670
21704
15929
4010
5864
21512
7839
18762
28199
16015
1737
10605
18395
9432
24278
13935
5251
18971
16382
19477
12916
23383
28153
8272
14740
21623
15744
27972
8827
4718
11326
15360
1351
14808
10058
25843
22073
12596
3645
19751
2815
27092
6106
26345
22176
6890
12512
13325
21949
28413
27305
24257
25274
7282
25256
24811
26963
12199
7105
8768
22476
20018
17356
11745
2243
11611
12541
21572
939
3788
44
18385
16910
10985
6472
14990
7488
18022
16639
10374
2395
18446
10326
9768
21164
6120
28642
11676
22426
2792
10901
17453
27733
24345
16784
7551
855
12184
5413
27881
1695
5119
27023
20459
28290
26689
27810
27285
13536
27887
625
5133
21671
14186
11624
18761
24567
9749
17337
2151
26147
23393
20674
21647
14937
4497
14668
23557
16234
23687
19492
21917
10974
4922
12315
9259
8104
18537
4866
23882
19162
26958
21108
3722
18669
20884
8321
18162
20541
18361
26572
7483
15140
19580
16320
7178
21464
21748
5388
27492
11159
405
10038
17549
8662
14300
3709
18883
25032
15558
9238
6108
7919
8274
21965
666
21856
9469
6966
13239
26128
3276
27962
18999
25211
10891
27373
15942
9733
14127
23228
9584
6294
9264
11003
26433
11119
16379
28387
26338
4022
24442
1491
16558
15506
8551
4657
19171
10441
8610
13129
7887
7198
9343
11551
7292
19501
9540
5427
10787
14358
6956
14720
8923
2977
23967
9897
18215
15764
28407
3278
3626
27178
12076
14454
20889
22079
2269
8151
9657
27983
23579
1881
26769
16807
13417
18830
27546
26257
27699
299
19396
20994
15465
10498
16264
23197
8514
7188
11207
28586
9771
15274
17299
7304
9459
6287
3204
5811
6960
11275
7966
24021
28145
12147
9622
3914
6703
25346
28059
4808
18113
1598
3840
13518
8169
4492
25887
10747
14149
10349
24005
4848
5269
22752
1444
14072
13672
1148
15195
4666
2021
9404
18264
28406
3103
25436
1366
9932
12219
22363
15726
9812
22878
8999
3554
22204
25975
9874
24402
12050
13637
7083
21699
16627
11757
634
10224
18780
20274
13534
189
18433
9877
8922
9290
5733
4935
16653
8903
1
23794
19349
2221
6491
25845
18838
13453
9665
21627
8331
26150
24332
28561
21521
1124
18345
20796
19747
15700
27722
24003
203
6930
11201
2104
7778
18418
27009
10596
2713
3802
3760
3651
6022
20690
17333
20759
11015
22626
18818
27513
16074
5506
28621
3033
2303
1216
5202
26335
26573
26178
8750
16738
6122
14871
15345
717
4197
1514
24
26268
25001
5267
8728
18567
4307
1767
15113
3703
5781
4503
13208
6521
28390
15837
5095
2882
8131
25095
16919
12311
3686
10266
13409
10066
23590
23049
19335
25132
27688
12452
20803
20304
13739
9011
121
17866
27138
22332
23971
27011
16125
7900
28611
17255
880
9730
26965
17187
13432
19102
4319
20557
2426
11019
3588
520
17317
25812
8439
27152
7808
24857
13150
22246
22949
18895
19940
22790
8300
18998
5968
1589
1996
25289
21162
4751
2582
26531
1107
5401
1611
17968
18493
8170
19585
7242
18536
4398
4306
20299
28163
12238
10929
5712
2302
25341
9294
8403
12457
1585
20587
1556
28544
22185
20071
7670
19604
5163
6576
17140
27642
22405
21526
24266
9554
20298
15503
5513
5060
10545
25490
26556
15065
7827
14710
6494
1309
18566
19345
25867
1339
10593
281
24241
19015
7094
13126
9390
13280
13952
2057
5532
9931
18829
27386
18634
16164
18330
19084
11118
21807
22292
378
17010
3565
18419
5325
12973
6284
27537
3328
471
27352
5365
13641
5042
24502
4515
26790
7515
14222
23864
25210
2934
26712
2904
3961
18167
24165
